12753.46400692
12401.44756907
13440.46588366
13092.57797678
12619.22294533
11350.14062521
12436.84848559
12528.91080867
12232.90758422
12637.67846690
13235.65374126
11858.09835012
13125.57375255
11794.35803930
14329.00707486
13224.81965981
11881.66124398
12151.59496386
11699.89643574
12888.63542404
12189.12867941
11620.43513769
12838.81114640
10989.78086883
12471.79400359
11118.83488414
13735.91062234
12243.52546022
11905.79640584
12701.64416424
12813.30143728
11858.17128788
13506.61783885
12045.39467021
12037.88757766
13249.08781316
11408.60157445
12351.15493141
12140.89492888
12131.12980550
12174.33076153
11988.11072783
11982.64169783
12786.82788383
12265.59458801
12012.79837988
12595.51191629
12249.38154209
12162.57717680
12985.68238822
12415.33789240
13677.77845401
12794.11886123
12060.02185057
12771.25195639
13957.84005082
11419.09322567
11442.94134072
12155.27535656
11997.50005095
12546.57967763
13526.19690881
12169.11905670
12472.81937501
11406.46176140
12977.19207908
13811.25612532
14074.14762760
12491.29952824
13339.92235035
13571.28302906
12949.60677860
12812.86055729
11496.73863454
12628.91718782
12656.32700241
13075.43494345
11605.12644972
12707.46881258
12616.35030012
11357.08527891
11589.97615322
12511.45589070
11933.67635427
12835.18974233
12315.88807098
11569.14821735
12330.30735747
12375.93711879
12842.79205806
12475.19240498
12551.56240833
12104.26002353
12145.47855656
12016.02826384
11817.10724234
11885.03833383
12852.73553337
14008.27449741
11769.48279713
